1 0.820635 0.387283 0.053968 0.104046
1 0.791270 0.307803 0.033333 0.066474
1 0.805556 0.276012 0.033333 0.049133
1 0.865079 0.252890 0.028571 0.043353
1 0.068254 0.303468 0.025397 0.040462
1 0.270635 0.263006 0.026984 0.040462
1 0.437302 0.241329 0.023810 0.037572
1 0.487302 0.238439 0.019048 0.043353
1 0.913492 0.232659 0.023810 0.043353
1 0.971429 0.221098 0.022222 0.037572
2 0.187302 0.424855 0.047619 0.092486
2 0.119841 0.309249 0.020635 0.034682
2 0.373810 0.330925 0.030159 0.072254
2 0.310317 0.271676 0.023810 0.052023
2 0.483333 0.286127 0.020635 0.046243
2 0.564286 0.261561 0.023810 0.054913
2 0.653968 0.245665 0.028571 0.040462
2 0.745238 0.232659 0.020635 0.037572
2 0.823016 0.221098 0.017460 0.037572
2 0.852381 0.218208 0.015873 0.037572