2 0.251587 0.434971 0.052381 0.112717
2 0.151587 0.333815 0.033333 0.072254
2 0.570635 0.349711 0.039683 0.086705
2 0.872222 0.304913 0.030159 0.078035
2 0.943651 0.267341 0.023810 0.049133
2 0.795238 0.278902 0.019048 0.054913
2 0.670635 0.274566 0.020635 0.052023
2 0.558730 0.271676 0.022222 0.052023
2 0.403968 0.297688 0.026984 0.052023
1 0.335714 0.276012 0.030159 0.049133
1 0.488095 0.257225 0.020635 0.052023
1 0.602381 0.251445 0.020635 0.057803
1 0.718254 0.250000 0.026984 0.060694
1 0.844444 0.229769 0.044444 0.078035