2 0.105556 0.566474 0.061905 0.138728
2 0.060317 0.466763 0.038095 0.089595
2 0.223016 0.343931 0.023810 0.063584
2 0.316667 0.361272 0.023810 0.075145
2 0.373016 0.303468 0.025397 0.040462
2 0.307937 0.306358 0.019048 0.040462
1 0.068254 0.342486 0.022222 0.054913
1 0.723810 0.364162 0.031746 0.104046
1 0.615873 0.293353 0.022222 0.060694
1 0.576190 0.264451 0.022222 0.043353
1 0.548413 0.244220 0.033333 0.049133
1 0.159524 0.303468 0.023810 0.046243
1 0.217460 0.289017 0.025397 0.046243
2 0.407937 0.274566 0.019048 0.040462